356.71
129.04
107.38
261.75
215.67
496.31
263.32
131.76
126.54
134.12
92.79
204.98
113.55
117.08
96.24
282.17
354.47
93.48
176.78
163.03
164.49
234.05
113.31
186.23
193.74
135.57
207.26
154.27
137.71
98.37
150.64
103.21
166.89
82.89
182.48
157.63
150.84
172.50
162.01
256.08
149.15
84.24
136.86
120.60
120.11
170.93
107.19
104.48
172.44
155.92
130.24
111.92
120.96
375.23
133.17
101.75
143.37
204.43
144.71
131.57
105.96
299.52
190.18
249.22
128.37
138.98
235.69
182.14
235.25
99.26
156.72
120.02
175.78
112.80
173.04
127.82
182.73
306.52
257.73
185.75
159.10
168.27
92.01
105.66
111.75
99.42
145.40
135.06
123.14
185.50
198.19
110.42
325.63
226.20
157.35
124.47
231.22
105.28
216.80
252.19
182.11
165.80
154.30
112.18
154.24
186.50
372.46
124.67
137.54
410.78
105.95
138.09
201.12
121.58
255.02
405.62
345.48
221.95
153.56
205.79
145.56
158.73
293.77
103.59
370.22
161.54
151.21
139.08
123.86
206.72
120.51
138.00
348.83
353.74
253.69
219.61
147.93
136.64
145.98
171.34
126.97
328.16
190.83
241.96
115.03
290.81
166.03
272.49
132.37
184.77
260.29
190.30
184.35
159.25
142.77
120.31
171.33
126.13
104.84
305.95
126.83
99.59
116.24
129.17
109.50
215.43
301.61
208.07
361.18
407.95
107.74
127.60
126.32
134.55
118.08
128.32
91.66
177.15
123.93
107.67
161.68
132.13
162.07
89.80
126.02
104.36
110.82
104.16
90.93
151.43
123.05
120.33
374.40
326.13
310.22
251.80
112.72
276.41
115.82
232.63
141.04
116.15
221.65
97.56
121.59
115.84
133.73
265.23
349.88
144.98
122.65
143.18
121.17
144.96
178.61
160.49
194.40
91.47
221.86
328.06
268.03
177.73
217.43
136.85
360.70
113.17
137.81
368.91
275.48
310.99
145.31
152.76
168.15
201.77
227.21
121.41
121.83
146.21
382.99
272.80
168.82
161.75
165.21
225.21
187.34
306.81
191.31
169.15
133.00
329.57
140.62
388.03
135.22
142.79
221.27
118.38
122.33
271.89
123.28
276.97
218.65
396.04
223.50
130.01
156.98
170.36
124.96
176.84
163.96
115.66
180.13
119.62
140.19
166.31
546.88
134.36
112.08
362.09
377.39
207.81
323.54
141.49
86.98
268.27
125.72
370.42
136.33
167.29
139.02
180.62
153.76
197.12
269.48
186.65
152.58
133.94
113.94
133.85
155.06
175.87
309.99
128.75
129.53
89.18
98.24
111.86
112.67
108.59
83.43
237.36
129.83
186.43
178.74
220.24
254.39
296.44
176.22
124.05
112.34
135.15
146.60
173.00
165.32
170.99
105.78
354.04
126.61
104.34
110.59
95.67
152.21
116.77
184.27
137.91
363.42
277.12
118.50
106.97
139.13
345.47
278.16
228.09
148.58
177.71
205.19
190.18
116.61
109.41
324.31
182.92
181.81
141.76
352.03
401.65
170.53
98.26
98.41
185.15
216.79
145.24
327.56
231.30
356.10
179.17
141.86
227.79
105.61
158.08
121.79
168.49
98.05
170.12
266.88
139.61
454.65
120.15
126.78
122.55
106.17
98.77
138.86
166.55
144.72
357.93
141.33
276.40
101.34
117.25
130.02
126.83
276.96
448.74
109.21
92.98
368.22
168.16
143.76
173.14
237.04
126.15
146.34
132.66
156.21
126.69
199.61
109.26
177.50
130.15
153.33
164.10
350.98
260.39
214.81
225.18
126.34
130.14
205.38
119.68
154.60
190.84
180.92
365.31
189.02
186.35
141.62
134.35
140.90
161.37
224.58
195.86
108.65
333.25
134.29
127.25
115.31
119.85
252.42
250.24
98.32
106.67
118.06
102.84
123.11
264.79
294.50
118.73
198.79
151.82
109.21
185.20
106.16
121.60
116.50
191.28
190.66
109.41
388.92
159.84
142.79
106.26
196.38
136.04
137.95
137.25
575.51
133.57
114.84
105.24
325.55
123.87
259.20
115.40
278.24
115.67
164.61
134.63
150.21
132.95
322.63
135.21
319.53
169.27
377.88
213.91
234.09
124.56
116.85
89.84
108.33
177.58
313.40
323.77
381.42
120.67
392.88
319.52
138.10
338.81
274.98
95.55
143.31
199.08
146.20
222.74
82.63
179.33
173.98
131.64
169.78
283.94
289.01
157.80
246.03
100.40
124.95
164.84
114.56
113.17
122.26
217.34
125.78
190.00
264.79
183.85
188.43
133.19
130.17
168.01
120.28
130.40
183.37
224.06
181.95
162.29
263.41
351.56
179.12
129.56
126.28
160.03
159.63
148.83
382.63
330.55
115.17
128.62
89.04
345.02
99.62
147.06
276.61
145.93
103.09
133.79
201.28
169.40
97.60
179.05
213.49
151.96
132.83
113.40
443.29
112.11
266.57
122.35
467.80
95.64
142.39
160.70
109.55
113.83
141.75
135.97
140.73
83.79
141.83
125.61
213.57
101.02
116.45
209.01
113.05
423.08
131.94
126.56
105.67
230.79
164.85
362.83
311.57
178.32
135.00
367.77
116.48
169.82
193.93
221.43
167.08
96.07
94.93
132.39
110.41
315.85
106.29
226.78
211.66
149.77
141.91
332.09
146.45
115.32
177.06
154.16
146.49
153.73
132.48
130.99
194.21
103.45
90.76
387.31
168.71
342.19
235.82
182.29
211.87
238.92
155.45
139.17
172.03
214.03
136.20
205.39
178.76
212.29
513.77
135.07
307.30
179.02
143.09
168.94
245.65
114.03
127.21
156.31
433.58
300.50
93.85
121.53
159.15
113.26
159.64
337.78
222.63
259.81
176.36
228.24
291.18
138.96
109.94
154.54
108.82
213.34
165.79
104.07
161.99
127.31
198.14
145.82
110.13
119.84
106.44
141.74
277.56
114.33
112.78
148.08
232.91
207.22
121.08
174.32
145.18
159.59
175.54
234.70
330.28
93.72
386.32
317.95
114.57
239.06
144.11
106.77
143.14
153.84
160.61
208.98
226.06
98.03
331.42
490.77
134.58
129.71
179.87
137.55
146.99
321.49
147.05
89.92
147.08
141.66
394.17
116.71
159.45
165.42
311.51
140.91
208.80
294.03
117.21
171.30
158.25
365.85
105.80
116.49
398.53
144.34
176.69
130.98
108.66
412.78
115.61
179.27
166.75
102.76
115.23
149.10
173.03
197.71
412.97
105.68
145.54
166.96
142.28
160.07
154.34
188.54
181.39
212.22
112.82
214.69
118.33
142.58
120.21
179.65
264.23
165.30
121.45
135.15
147.79
341.27
241.06
94.17
174.58
114.17
152.21
110.58
117.05
126.22
141.30
164.33
163.14
110.90
102.98
124.28
200.16
142.32
107.78
99.37
115.08
108.94
136.68
133.29
109.73
167.72
112.38
109.84
134.81
118.51
155.10
146.21
124.79
103.61
124.72
461.96
155.65
104.77
412.68
156.38
324.66
110.82
141.56
99.54
125.64
213.63
365.52
183.76
343.70
139.71
126.01
219.01
192.66
140.86
158.14
182.53
381.67
267.98
250.07
121.45
95.58
143.46
274.59
137.57
199.78
341.17
115.24
291.83
398.56
203.62
194.16
109.12
109.99
280.20
147.60
155.42
119.36
161.66
232.92
167.29
103.44
223.44
312.52
135.05
179.09
381.73
116.59
168.98
182.48
142.27
167.06
290.54
119.80
120.01
184.73
124.25
142.60
242.64
255.45
160.79
120.52
161.58
137.83
214.24
209.51
132.66
236.88
332.58
243.97
216.31
105.70
136.29
186.06
198.72
95.05
99.67
219.91
122.02
165.32
176.92
235.57
169.07
153.61
82.42
196.89
149.58
282.86
161.91
112.40
224.47
308.06
98.88
198.72
95.06
167.15
157.80
132.33
166.26
194.82
188.52
179.59
208.85
191.64
141.20
296.68
200.59
225.68
250.63
256.76
114.78
238.28
203.24
240.00
152.30
327.92
95.46
201.81
114.55
129.43
131.10
181.15
179.33
227.55
154.78
231.49
164.02
106.55
134.62
223.84
231.11
237.10
103.06
167.03
146.29
183.24
134.85
164.22
179.87
207.16
139.19
224.37
256.40
145.70
255.86
104.74
214.15
156.70
145.21
199.53
210.00
250.79
117.18
165.99
160.91
134.23
92.63
163.04
172.81
273.23
374.54
293.88
153.87
133.80
303.41
129.22
245.22
186.74
198.71
132.99
200.77
131.85
208.29
256.12
315.09
139.97
144.88
116.83
102.89
375.41
178.17
203.24
145.53
199.03
133.20
159.33
150.10
199.37
176.83
111.48
331.77
233.99
384.05
136.68
144.02
137.73
152.46
225.41
152.12
334.00
114.23
130.08
357.24
275.75
193.72
258.67
256.28
175.26
263.65
208.22
147.87
100.89
136.68
181.74
149.10
148.63
211.96
131.28
148.12
174.54
173.84
327.38
468.62
151.27
164.94
223.66
278.59
199.77
199.68
88.79
172.79
158.96
203.22
410.11
164.11
180.13
130.22
147.70
128.54
127.16
153.54
194.33
174.53
215.92
203.18
169.54
105.63
213.84
172.60
200.07
103.06
96.98
129.38
129.16
163.43
199.59
185.75
194.11
342.25
240.92
300.60
377.70
113.41
209.96
161.10
184.27
148.68
107.34
98.45
107.21
193.85
109.00
180.01
168.91
171.59
154.44
193.57
90.48
115.98
93.89
247.36
116.79
229.53
113.70
130.31
219.45
158.23
132.68
202.34
126.54
97.34
139.48
337.72
324.18
274.67
217.72
196.03
190.49
165.29
247.30
156.35
165.21
181.60
212.21
110.18
232.28
170.16
186.99
159.32
124.20
379.37
315.61
140.73
110.83
227.39
112.38
173.91
154.46
262.85
159.88
538.32
413.98
227.32
141.27
202.54
115.59
263.32
134.88
174.74
92.84
128.75
110.82
298.29
405.98
228.20
165.82
262.73
99.54
339.52
126.58
158.05
157.50
274.75
141.48
375.62
193.07
119.21
221.71
245.23
208.19
188.51
112.17
274.31
98.87
210.60
143.52
113.46
158.82
423.22
312.04
218.39
152.78
137.79
170.88
182.04
252.47
102.88
212.54
185.74
200.02
129.95
161.56
326.03
173.50
139.03
444.00
128.50
232.35
190.59
274.73
160.49
160.46
101.46
217.24
279.72
139.09
224.86
328.49
104.82
199.69
213.91
146.34
233.24
248.08
307.04
154.75
301.29
168.54
154.92
146.91
127.15
379.82
185.34
96.68
167.70
245.66
157.05
162.43
162.69
157.68
129.67
269.87
132.82
209.19
129.34
341.16
325.38
158.72
156.82
218.55
162.81
119.17
308.22
134.64
249.90
150.85
174.33
192.60
113.28
160.12
159.76
160.25
234.22
124.13
305.87
140.75
133.87
121.39
169.57
245.64
103.92
171.96
103.97
149.20
274.86
222.67
153.04
159.35
129.27
261.68
97.29
180.55
275.14
131.07
119.69
168.45
118.81
199.25
108.06
154.58
252.68
139.96
292.23
318.04
325.34
128.53
178.90
155.60
171.53
207.16
173.70
233.32
100.12
311.75
139.85
250.02
109.49
161.15
168.49
98.91
164.28
103.70
191.77
180.36
113.50
112.75
323.55
189.98
298.23
224.61
117.56
193.80
151.95
114.26
135.80
315.34
449.93
112.32
304.28
223.58
241.86
142.08
272.35
194.01
115.55
174.45
379.70
238.04
110.94
101.08
162.81
145.35
157.54
191.51
167.90
151.65
254.31
391.83
160.11
179.14
140.79
421.62
281.85
310.54
454.48
205.91
84.26
382.12
117.11
232.50
190.27
184.96
228.95
209.39
255.04
127.34
228.26
281.36
146.02
146.51
115.12
281.61
94.57
136.56
150.60
171.49
86.20
176.10
217.86
161.07
568.98
108.22
186.67
274.09
219.20
118.57
102.09
176.92
188.23
98.78
93.83
98.59
210.33
202.46
210.78
280.56
139.68
252.06
205.59
112.13
115.00
157.29
155.58
107.85
296.68
329.87
216.74
134.31
283.55
249.24
110.30
158.19
159.61
167.26
184.60
227.72
177.36
96.19
252.83
185.79
146.56
109.00
143.94
215.89
136.96
234.03
198.51
169.68
270.27
143.22
148.56
225.34
175.41
370.37
321.63
133.44
210.89
286.93
110.53
99.71
217.29
112.32
153.00
174.23
156.35
395.55
170.33
206.74
149.94
147.95
277.21
179.91
123.07
201.46
262.93
209.15
168.93
102.54
167.00
254.64
232.82
150.58
146.57
194.38
100.65
170.03
174.79
236.96
221.35
104.87
116.66
109.98
228.46
148.13
406.04
208.78
122.30
158.43
261.50
188.85
270.24
131.27
280.37
189.33
194.18
198.01
181.81
173.75
213.33
244.15
138.65
125.87
109.73
131.80
258.57
134.94
119.53
176.08
350.29
158.58
166.13
131.72
284.26
165.57
119.82
158.67
173.71
118.75
120.81
212.01
339.41
217.10
188.96
126.67
212.79
180.45
250.99
146.55
226.21
176.56
193.04
219.76
100.73
124.26
119.91
225.77
162.26
127.23
131.50
208.60
218.67
250.02
259.60
107.67
268.89
161.80
145.45
194.96
175.98
231.84
232.56
213.58
446.42
135.29
396.97
251.06
307.51
110.53
145.29
94.34
93.83
182.49
215.73
182.57
187.73
234.66
172.76
312.43
202.13
378.79
154.28
203.75
464.47
354.99
147.52
227.54
262.79
475.93
111.74
212.03
240.50
197.58
153.69
170.97
227.74
155.02
103.32
210.66
216.21
169.20
227.26
115.99
196.61
194.82
359.48
126.82
200.32
184.84
216.99
389.02
153.01
95.31
144.41
113.62
383.74
216.16
137.33
109.22
181.75
271.84
103.86
193.88
173.07
209.84
150.72
95.32
226.51
272.07
122.07
162.41
206.24
176.65
221.78
99.46
137.38
130.32
174.82
303.30
190.43
190.60
230.55
391.03
178.79
356.84
215.50
226.90
192.88
144.49
158.75
158.59
198.82
162.94
324.61
136.16
211.92
100.64
103.04
260.87
114.24
100.87
182.88
208.46
336.43
173.77
192.46
186.96
336.04
151.63
129.93
116.91
155.98
275.59
227.92
169.73
153.44
227.07
253.70
272.27
231.10
158.63
158.53
135.48
140.04
462.98
107.59
108.07
175.56
132.27
456.47
131.64
139.46
250.20
128.28
627.89
116.28
168.73
163.68
181.27
142.13
219.94
143.27
98.61
181.78
107.22
140.84
94.95
177.32
130.60
362.05
169.28
141.41
138.44
220.54
219.12
220.83
237.33
188.55
183.07
186.86
345.10
148.13
112.09
121.21
110.88
193.02
227.81
192.44
180.69
133.07
144.13
153.23
198.45
135.82
127.83
177.21
204.28
184.92
149.35
204.56
299.46
187.04
211.28
183.15
418.60
177.86
181.17
158.67
190.24
342.57
225.35
107.70
159.23
163.41
123.06
113.80
218.52
196.81
176.34
195.45
89.58
102.86
189.85
198.55
471.97
286.06
269.76
176.58
203.95
259.67
200.22
198.92
137.89
106.59
166.72
91.89
111.12
240.10
114.18
240.93
123.96
131.00
214.42
208.74
249.92
443.38
149.54
122.72
320.28
126.17
274.19
128.16
252.28
294.21
279.46
121.28
183.68
353.59
116.35
497.79
248.65
212.99
120.10
144.36
148.45
134.39
101.09
188.18
113.30
258.70
304.62
252.17
266.87
195.95
304.91
352.92
148.40
123.59
183.78
114.79
163.53
109.79
302.03
121.05
182.60
156.06
121.43
192.48
189.59
205.98
177.77
168.26
150.66
176.59
199.43
154.11
179.91
105.62
146.54
97.29
279.32
156.03
119.61
224.21
240.09
145.80
156.98
114.21
141.72
206.78
235.13
187.51
198.19
235.37
212.09
274.06
220.33
113.49
277.11
267.46
113.28
143.83
279.50
184.27
132.29
181.41
192.56
190.88
172.56
154.82
248.86
199.50
191.53
92.59
256.80
324.80
123.52
108.54
101.42
175.59
100.89
200.38
296.60
140.40
139.66
134.22
172.82
104.40
161.75
111.12
172.08
363.38
138.16
146.62
167.65
219.24
194.82
199.02
281.93
324.88
312.07
121.63
323.90
179.41
145.67
280.46
125.43
180.87
433.43
140.00
102.88
308.79
133.59
113.85
125.20
173.12
320.43
126.72
142.89
279.81
152.33
118.86
169.84
102.35
170.58
164.70
197.77
123.48
350.59
95.31
111.56
119.69
161.62
248.74
189.43
77.09
152.53
242.63
229.04
214.91
203.60
245.18
196.10
193.22
168.32
154.56
166.90
157.34
112.38
166.30
297.51
126.32
266.38
251.71
456.73
221.71
169.44
232.85
237.02
137.92
153.72
307.29
158.96
137.73
119.36
330.86
169.87
107.98
206.73
298.23
206.22
173.72
155.44
312.20
170.55
108.40
95.59
125.37
106.46
185.32
214.18
248.81
187.22
119.52
178.91
142.68
245.12
162.64
108.96
84.82
123.59
127.20
152.40
163.68
81.94
137.70
208.79
106.13
250.49
180.92
119.87
120.76
146.53
171.69
174.87
108.68
150.10
163.09
115.58
146.22
121.10
359.03
136.20
168.32
299.45
455.64
135.23
270.24
152.86
271.71
169.57
179.36
174.27
161.84
171.86
379.42
188.77
294.64
122.68
141.23
226.84
200.68
90.10
133.88
144.78
124.55
218.01
171.62
313.40
325.37
205.52
150.18
202.66
87.58
221.91
127.74
245.98
106.08
119.18
201.59
94.51
150.09
161.65
169.54
98.58
99.04
105.91
268.70
121.55
115.98
101.31
126.00
133.36
92.58
92.69
118.78
207.73
89.50
159.61
159.24
88.09
117.57
106.34
130.83
132.60
142.43
112.97
102.45
153.98
106.85
131.19
142.82
123.51
82.17
103.01
112.94
111.01
114.60
106.51
131.69
137.09
96.34
150.51
197.08
169.60
122.27
90.12
111.72
119.51
107.98
136.04
122.26
76.23
81.94
152.77
110.12
106.44
88.57
122.46
85.80
123.07
90.27
79.19
128.04
103.99
117.98
126.66
98.67
156.05
223.99
98.38
116.86
72.74
106.79
128.46
108.45
116.72
84.29
109.48
115.16
199.24
116.82
109.19
152.10
106.92
206.72
135.12
150.47
90.08
139.10
114.34
135.54
83.30
135.94
97.91
136.85
101.51
81.32
110.28
121.15
99.03
99.79
114.19
99.37
151.20
100.00
95.01
100.12
170.65
96.82
154.81
73.74
92.30
92.52
143.93
116.41
172.85
131.04
144.05
111.65
113.58
154.84
106.09
157.47
84.58
159.75
129.72
101.63
115.45
137.45
163.32
127.78
116.40
98.76
105.28
97.75
96.04
150.61
181.53
303.44
247.70
112.87
115.76
275.91
101.76
147.37
125.22
136.81
130.31
139.53
111.73
130.44
113.83
87.89
186.06
131.88
119.14
114.61
108.37
96.41
234.18
139.58
116.10
109.53
143.22
97.19
115.24
129.90
157.58
136.38
127.75
91.06
188.08
106.23
244.05
103.83
97.14
125.31
96.68
154.37
145.20
228.81
89.42
113.49
299.45
255.27
96.96
126.54
231.49
140.68
113.58
135.90
120.37
92.56
117.82
109.24
163.39
126.27
162.21
107.72
113.03
97.70
94.60
193.57
238.71
112.00
116.37
148.12
176.43
141.40
113.46
110.51
88.39
146.65
108.96
163.48
212.67
169.05
142.96
104.68
116.59
102.02
113.11
140.54
135.91
108.07
136.45
116.93
100.90
102.63
182.74
88.00
108.47
92.30
86.73
95.71
80.32
136.02
129.77
106.86
137.73
260.32
141.95
153.58
172.84
94.47
93.50
135.72
112.60
112.27
87.64
97.48
91.44
93.15
139.79
98.73
114.74
123.20
265.37
120.45
121.26
121.57
79.98
105.66
84.08
184.58
93.62
110.52
98.89
113.02
120.88
123.00
97.48
151.15
111.08
93.79
96.98
118.97
143.57
171.11
132.67
118.47
167.29
122.83
185.81
110.50
105.71
93.92
100.97
120.28
124.71
105.91
99.73
91.46
97.31
204.56
148.07
96.69
102.87
120.78
114.88
151.21
111.41
118.05
195.55
121.31
303.30
181.25
105.33
121.32
181.21
88.97
94.86
122.84
126.67
141.99
82.08
99.20
108.28
111.70
196.61
115.54
131.32
176.57
100.54
239.72
83.16
159.06
107.41
248.97
91.88
197.56
111.97
139.77
99.69
165.88
137.24
132.00
128.39
95.29
178.96
96.25
110.51
123.91
110.85
125.91
290.35
166.46
144.93
93.10
107.29
154.42
112.37
128.55
101.84
109.65
143.93
92.28
117.77
118.26
130.33
116.96
102.43
287.57
97.61
130.80
104.01
147.91
127.68
105.30
92.30
143.96
165.32
102.81
93.29
207.55
86.82
112.37
179.95
127.73
152.18
178.46
115.04
171.69
158.63
172.70
115.83
93.69
129.66
124.33
158.26
117.74
83.86
107.10
166.03
101.35
115.46
105.59
129.48
130.67
117.65
107.68
118.87
92.46
274.32
150.08
134.32
98.27
98.66
130.82
88.17
195.98
106.75
128.01
112.31
134.56
109.28
108.80
129.95
116.72
89.30
179.76
97.64
138.22
202.56
114.47
119.64
95.89
108.41
206.56
195.50
97.37
114.20
92.93
98.44
224.46
125.79
119.38
165.82
129.71
150.16
94.34
96.73
228.82
105.03
119.72
102.71
132.28
107.99
122.48
92.37
112.21
147.36
137.28
184.94
167.18
129.49
115.24
136.03
123.22
103.45
170.32
179.75
144.09
114.44
86.87
151.41
118.22
119.90
97.24
119.13
108.53
95.66
104.08
87.25
135.23
103.41
120.45
94.75
248.98
97.35
187.04
91.37
102.79
155.59
134.68
106.96
102.23
248.10
138.53
101.43
142.38
140.08
178.11
91.16
115.60
135.55
127.37
86.23
158.75
128.62
219.31
110.04
77.94
101.00
128.77
83.19
154.68
131.96
114.66
152.08
124.10
181.34
236.00
124.96
139.62
95.59
214.58
137.50
121.70
297.94
135.92
75.26
290.94
100.52
153.56
138.22
140.32
128.51
124.52
110.04
131.87
151.95
115.40
127.52
121.94
95.00
147.57
97.57
112.89
105.51
113.49
91.16
135.10
181.84
130.07
340.94
104.72
107.51
281.30
75.35
148.24
98.67
101.12
142.49
106.30
81.63
88.11
117.23
130.82
120.99
242.49
114.18
169.23
128.34
102.63
111.46
106.51
124.33
87.53
166.23
99.57
208.06
111.98
112.99
253.98
88.39
94.26
131.96
123.75
141.86
113.98
167.33
124.16
97.29
184.08
83.76
127.06
96.23
98.54
157.03
115.11
162.53
118.22
122.40
124.53
121.28
126.72
147.27
131.92
240.06
202.85
125.71
207.13
113.48
102.57
88.17
129.45
111.87
115.99
134.31
128.77
129.35
277.86
188.88
109.91
128.77
124.94
119.46
104.99
150.46
115.87
94.52
141.91
144.46
166.41
96.65
95.74
110.91
114.72
215.35
113.71
135.61
133.96
84.02
133.07
172.78
126.18
153.41
99.97
110.50
90.93
128.65
104.34
339.25
122.46
106.80
148.65
144.18
111.54
112.37
106.68
122.47
146.01
132.68
104.44
120.81
128.60
108.20
128.83
105.25
110.47
109.88
104.13
138.45
134.19
117.03
99.23
251.05
145.58
124.99
91.97
119.68
153.94
173.66
121.20
104.68
133.13
117.27
102.85
89.76
134.80
169.59
165.64
145.30
156.19
109.67
153.17
132.55
93.28
89.73
114.94
119.50
99.58
164.85
110.13
104.76
112.17
179.04
87.35
103.19
104.59
148.10
120.48
127.94
128.11
99.03
109.06
165.34
120.07
121.28
118.50
122.41
159.10
118.43
105.11
224.11
123.94
291.35
169.53
151.08
95.03
106.65
83.59
84.63
154.45
142.51
118.36
114.27
171.49
177.20
143.97
133.34
246.55
114.74
154.38
296.89
209.29
128.85
174.16
109.65
201.06
106.45
110.96
162.06
142.31
94.60
128.24
149.99
111.44
104.60
147.05
145.08
144.99
122.38
109.49
163.55
113.41
217.28
111.10
129.15
163.40
148.33
278.81
109.22
92.31
124.96
95.75
250.47
114.19
123.28
91.15
124.16
114.95
88.85
101.47
139.14
133.74
153.78
91.49
90.78
161.91
196.07
109.89
180.21
182.80
105.23
119.74
97.46
159.65
85.86
90.90
119.94
165.37
95.10
148.28
174.31
214.99
104.74
148.47
117.93
164.66
98.51
110.77
99.90
102.01
158.83
130.94
163.57
108.65
119.57
132.66
80.26
96.31
176.34
85.67
93.25
130.96
126.48
147.02
119.94
110.52
130.39
158.18
191.25
119.12
133.60
100.01
142.48
242.41
128.07
130.55
100.31
108.08
99.08
151.27
128.92
122.91
112.67
93.48
102.09
302.44
112.59
93.57
135.16
115.10
290.35
103.52
114.41
131.89
114.24
303.94
101.46
126.01
119.82
99.96
105.39
116.04
116.05
93.11
87.85
86.66
150.85
94.05
128.73
121.83
172.42
221.04
114.24
102.20
114.72
146.94
145.12
115.17
102.26
158.40
177.67
116.31
272.77
105.88
93.79
103.94
108.34
137.17
172.96
137.95
110.72
90.07
106.80
136.47
111.84
123.36
123.50
138.04
123.40
111.60
96.01
149.27
189.85
122.06
81.97
133.50
134.05
226.67
133.86
99.85
98.08
146.38
187.59
110.23
85.32
123.27
114.41
95.41
88.19
144.99
148.06
142.44
147.85
88.35
84.64
260.30
138.14
295.89
97.38
114.87
125.20
200.45
121.93
111.83
126.24
155.17
120.41
91.09
124.82
88.89
131.60
136.10
85.18
126.63
154.84
107.10
104.85
148.51
150.06
129.07
195.97
100.59
115.22
170.24
117.68
122.42
116.88
138.58
157.00
100.55
128.10
103.91
149.68
240.78
82.07
317.21
222.35
188.67
96.51
98.38
92.04
96.14
96.31
157.82
111.02
149.31
153.79
178.82
150.04
121.84
190.88
204.27
86.90
106.37
109.50
101.91
125.09
105.62
117.80
110.67
144.17
105.83
101.03
127.99
109.93
114.02
145.78
137.72
135.03
128.09
184.60
93.29
123.23
94.74
156.10
141.85
110.72
78.29
247.15
111.82
160.26
92.46
141.10
129.35
116.55
98.57
140.22
115.51
147.41
117.78
155.42
109.09
144.82
114.56
194.72
114.48
78.14
108.40
123.25
99.28
116.82
134.96
143.27
91.12
128.41
120.53
155.96
119.76
114.87
98.80
163.86
114.52
136.87
83.09
235.98
153.72
87.61
99.04
100.33
129.79
99.68
114.41
139.29
102.49
85.07
91.22
135.98
100.85
127.43
109.86
113.80
176.74
97.78
142.49
113.42
125.69
110.78
82.78
152.21
187.67
150.02
98.41
141.58
91.58
86.79
164.92
119.97
132.78
147.07
103.36
101.84
254.48
102.14
98.63
97.31
122.24
147.82
105.27
102.56
151.33
116.31
137.09
129.14
114.51
81.94
95.09
134.63
125.31
135.77
107.51
268.60
82.56
95.40
111.44
112.08
113.77
108.39
87.81
130.26
90.39
126.22
127.95
164.59
155.81
113.28
144.56
131.77
160.43
97.02
134.76
117.88
79.80
157.34
138.88
134.77
172.81
194.86
193.23
116.24
152.05
200.01
155.54
96.48
121.18
140.89
119.96
120.00
99.54
146.57
154.98
88.66
122.63
199.94
101.81
140.49
123.47
109.87
124.46
84.86
85.82
91.87
91.58
132.67
154.58
135.84
147.18
108.00
147.63
107.68
151.39
143.41
104.01
78.32
181.79
107.97
91.93
109.77
117.06
81.54
109.16
95.79
114.78
150.00
190.61
106.68
123.88
113.57
143.19
117.07
89.14
138.33
127.95
107.82
106.72
102.61
191.16
95.46
116.86
89.36
218.89
156.85
103.88
123.24
101.75
215.43
120.19
93.86
108.46
111.96
140.09
103.39
131.09
131.32
106.86
103.56
125.46
153.32
145.32
90.32
119.30
111.61
94.39
136.53
112.20
173.81
266.07
201.06
161.09
122.53
151.66
75.08
97.89
140.69
223.05
107.81
135.68
226.16
96.87
146.66
178.25
183.35
117.29
106.04
116.83
298.08
134.92
110.98
114.34
113.41
139.51
114.88
92.40
105.76
259.73
103.51
128.19
184.57
91.48
124.11
122.11
136.55
151.31
152.14
113.34
104.21
126.75
113.94
130.05
161.85
134.69
99.39
105.30
150.02
124.66
134.33
106.92
139.29
198.19
105.19
129.79
198.65
159.92
103.38
124.36
130.00
192.42
139.41
162.62
120.76
90.01
102.76
194.81
137.58
112.94
115.84
115.03
104.74
115.03
101.63
88.97
126.44
116.84
124.26
139.52
107.49
130.17
215.40
109.24
126.87
97.02
107.10
135.80
125.20
120.31
93.79
119.32
120.75
119.95
113.68
109.47
157.99
108.65
253.46
159.87
136.67
84.38
131.88
167.38
120.90
108.90
117.24
110.51
164.81
113.23
99.48
115.83
117.32
104.33
112.04
168.25
105.41
131.36
126.19
105.23
99.16
221.06
120.01
184.64
102.75
105.07
105.24
158.29
118.85
138.45
123.36
140.77
118.72
119.08
173.95
117.84
186.75
96.58
128.18
129.52
106.63
147.81
134.20
180.39
116.33
109.46
104.53
100.38
100.17
105.46
130.12
155.29
225.97
236.84
140.41
111.80
241.75
119.18
157.87
186.64
144.31
193.49
142.08
121.23
126.54
125.87
116.49
191.34
128.53
124.13
120.61
101.37
100.09
295.13
134.44
117.41
127.57
179.85
107.47
123.74
192.18
172.94
145.14
164.97
127.40
191.81
112.59
230.89
120.09
111.20
118.87
98.37
259.76
127.86
238.10
101.50
123.58
225.73
235.38
119.97
133.67
235.52
150.79
121.73
128.82
125.91
120.97
114.18
114.76
148.81
131.44
184.44
108.49
120.87
101.75
128.49
207.62
226.56
103.86
201.17
177.92
211.15
151.92
120.48
123.51
102.56
138.77
105.96
142.03
241.13
163.28
140.78
120.18
147.57
118.70
122.83
114.79
165.87
139.03
129.81
122.43
120.69
100.52
195.07
117.24
121.41
95.37
83.71
130.48
104.30
127.48
232.20
111.46
162.70
254.50
131.28
124.19
198.93
123.69
99.01
186.94
114.38
109.86
92.24
142.58
106.21
90.38
157.31
116.59
122.33
136.61
289.68
140.37
148.48
123.88
85.56
112.20
96.08
214.00
98.08
139.10
103.12
115.34
144.07
120.09
103.08
215.21
115.77
111.89
96.98
154.16
185.02
153.46
178.44
124.24
151.80
128.33
180.03
118.77
105.92
124.61
107.94
145.22
183.59
95.67
115.39
127.61
109.19
208.11
193.12
103.97
107.87
113.76
142.47
217.38
121.99
152.01
261.92
173.90
229.31
175.31
152.21
124.79
198.01
122.22
106.45
146.16
134.63
114.74
90.08
124.72
129.20
140.15
200.16
139.13
126.86
205.98
115.79
244.56
105.67
154.79
127.77
228.04
106.38
222.61
132.37
146.39
105.99
129.78
182.10
157.23
148.83
105.06
207.05
110.15
117.34
116.85
130.20
143.82
221.79
165.60
162.44
104.91
106.79
162.11
117.23
165.23
124.34
122.75
127.03
117.28
120.66
172.72
176.53
116.00
135.68
217.09
116.27
126.77
121.83
158.90
129.73
114.87
100.87
192.69
269.25
129.50
101.58
213.83
104.51
122.33
186.58
105.46
172.29
142.84
124.75
147.97
202.19
198.42
108.56
112.47
125.84
130.87
185.86
112.24
105.45
103.33
145.43
99.21
168.66
93.59
125.26
151.43
118.65
112.49
126.11
95.68
265.55
190.30
122.68
115.15
115.76
115.91
96.22
235.93
99.12
142.61
156.81
132.75
109.79
115.43
129.64
119.08
107.43
183.76
129.14
149.09
198.61
111.62
109.35
120.39
118.07
219.53
201.59
102.29
174.18
111.00
112.94
227.19
145.65
120.11
135.73
152.98
172.57
94.84
119.01
241.20
121.57
162.22
106.65
122.42
117.17
169.97
90.29
127.16
153.55
126.46
231.78
140.82
141.08
124.24
122.81
119.76
136.43
156.17
146.20
198.19
147.05
93.83
188.66
116.76
147.34
94.24
176.17
104.09
103.16
111.92
95.62
127.46
110.89
143.37
107.92
226.39
140.99
227.54
113.83
110.19
174.12
122.65
110.58
113.74
219.94
178.40
112.22
161.59
189.87
147.48
119.67
168.92
162.52
163.90
109.01
155.95
118.88
184.07
124.25
86.94
119.60
114.40
102.07
206.87
120.46
137.35
212.60
134.09
221.28
246.42
121.31
183.39
110.09
231.75
143.33
130.15
221.43
131.52
97.13
304.30
105.29
170.19
134.03
157.95
165.82
124.30
133.50
120.76
199.14
139.30
138.88
114.29
106.19
168.66
99.61
139.41
108.38
119.18
106.66
161.19
182.91
146.11
225.18
107.76
118.41
257.79
97.57
204.24
109.70
112.58
173.42
121.42
94.63
88.61
135.51
128.89
109.86
221.40
112.03
171.84
120.39
103.71
116.78
113.60
108.77
102.81
147.23
128.69
208.11
119.26
117.34
220.89
106.58
107.85
119.19
166.80
146.42
113.03
198.11
132.83
108.11
227.96
94.60
142.26
116.09
110.19
223.29
146.41
151.53
175.22
134.99
151.97
137.68
116.81
239.10
125.52
236.20
185.69
131.80
145.72
133.87
114.53
99.03
146.99
116.82
116.46
156.85
124.32
125.10
216.66
136.67
135.53
123.29
159.05
118.50
155.12
212.16
117.87
109.80
119.56
163.28
160.72
122.24
91.64
132.17
121.58
187.12
129.51
137.93
117.20
98.64
154.34
134.73
129.34
168.08
101.39
105.73
123.17
177.68
159.88
228.14
136.22
100.53
154.42
240.87
117.33
132.04
104.22
160.44
160.56
134.49
122.23
111.81
137.76
99.43
118.33
143.70
152.91
136.02
110.49
123.46
132.48
94.39
160.59
235.39
114.79
129.59
125.69
132.49
197.86
143.74
151.53
110.26
127.17
108.95
108.94
105.51
149.58
202.35
152.45
191.40
215.55
123.51
120.84
134.45
120.58
103.51
119.97
118.71
107.04
199.62
122.23
111.80
139.09
197.46
101.91
110.67
112.23
170.19
151.83
165.17
129.93
119.17
121.86
140.95
116.66
127.14
128.09
120.45
130.23
148.79
143.45
231.16
117.73
221.79
148.53
153.50
110.07
121.06
95.59
94.63
171.92
201.60
157.91
118.52
186.82
146.66
181.03
115.45
231.89
126.74
143.79
224.29
222.96
126.11
150.78
122.75
218.61
106.81
121.96
174.64
176.11
128.49
128.78
125.49
165.02
112.09
125.84
137.78
132.82
139.82
96.30
180.35
137.91
227.95
118.59
118.72
214.06
144.00
247.83
161.72
104.50
114.31
98.40
245.30
158.29
122.14
105.89
170.25
124.55
102.22
114.88
180.17
179.94
138.53
107.49
102.74
148.95
189.11
120.81
122.56
130.27
108.19
138.33
115.58
171.75
93.77
98.58
106.85
155.16
124.95
140.78
167.78
217.18
104.53
185.62
125.22
147.63
107.77
143.37
112.30
100.46
153.59
148.95
195.12
109.70
124.17
137.27
96.72
105.51
257.94
95.09
94.15
169.65
116.14
194.52
142.44
151.52
120.32
197.83
181.78
112.29
118.88
104.41
131.04
241.55
129.65
147.62
109.53
148.17
119.00
280.60
128.04
117.30
111.05
89.98
103.09
223.43
116.11
108.11
135.94
111.15
253.81
111.34
110.91
140.08
123.74
222.79
108.50
125.55
117.68
131.16
156.38
111.94
120.55
109.80
128.17
101.39
148.62
91.70
134.81
128.83
196.19
228.22
138.15
112.61
110.08
145.94
158.54
119.77
116.16
210.18
141.36
123.90
198.71
177.38
102.29
108.87
141.38
134.41
164.58
126.81
116.56
104.84
115.94
134.83
159.88
150.10
121.09
119.87
118.66
128.67
95.56
179.82
173.63
147.31
109.12
124.59
146.39
230.47
127.32
123.94
101.08
155.91
247.09
121.09
96.48
144.67
113.46
104.87
94.59
142.17
167.64
133.83
124.08
100.94
85.72
242.23
219.09
221.79
151.42
119.08
112.93
122.11
140.33
134.74
116.19
174.45
156.29
103.86
118.06
101.67
140.02
152.69
96.72
161.63
133.61
110.41
123.94
135.16
160.59
134.82
237.39
124.09
114.26
191.70
130.63
119.97
126.17
150.37
192.62
127.26
194.56
111.80
150.18
228.69
103.80
244.46
228.19
193.72
111.23
95.98
130.33
143.91
119.93
145.77
108.97
168.07
168.14
175.44
173.48
118.49
260.80
217.69
104.84
113.39
120.02
105.87
129.09
117.08
146.28
119.83
170.10
108.29
100.53
133.53
117.77
126.10
141.13
136.81
113.43
128.09
223.81
102.34
140.70
110.01
129.67
181.89
136.22
90.29
320.60
167.51
133.33
101.18
163.18
139.56
117.05
108.53
122.18
135.60
144.60
141.39
198.06
146.95
249.15
145.03
186.34
121.63
88.91
136.80
145.65
107.28
128.46
132.63
145.76
91.93
125.17
132.77
142.28
145.63
112.99
129.26
182.13
174.42
122.02
91.19
210.39
191.56
121.38
98.58
112.00
123.96
104.69
111.91
176.33
111.21
104.16
104.76
158.94
92.29
134.57
103.22
119.89
177.20
104.59
136.15
129.96
184.20
128.03
96.08
197.93
197.62
131.80
106.35
194.69
104.73
99.24
154.72
113.34
123.06
168.30
108.81
116.34
227.89
116.09
112.05
108.32
132.84
185.93
112.54
133.47
200.95
161.36
200.69
157.47
144.17
131.31
100.21
145.92
115.04
126.23
121.38
246.94
89.79
126.31
92.94
140.49
146.01
148.90
103.93
130.44
131.24
125.82
122.65
157.78
233.16
117.78
166.69
128.63
137.05
109.80
140.99
141.97
102.07
209.29
135.83
245.78
179.26
204.64
218.84
128.74
166.98
182.94
165.46
107.97
132.99
166.48
112.01
124.59
88.40
184.53
132.03
95.17
124.70
275.10
147.76
126.32
111.95
105.71
124.50
107.81
94.93
120.67
99.23
130.53
147.09
175.67
151.99
114.92
134.64
112.49
151.21
132.61
103.37
94.78
209.65
136.94
102.83
108.04
125.89
81.94
123.98
104.29
140.97
138.03
206.94
113.18
156.63
124.03
184.43
111.08
91.89
144.38
118.81
101.14
111.54
111.28
212.20
113.07
143.18
121.66
237.85
199.75
100.88
160.95
118.11
265.87
141.80
141.28
119.54
109.40
126.27
141.62
226.71
121.39
115.27
109.50
156.42
144.73
121.77
109.51
98.80
143.81
100.60
113.33
143.73
168.53
234.84
212.11
193.29
111.68
131.66
99.10
104.69
196.99
336.81
145.21
192.54
230.28
185.92
367.13
440.12
256.55
211.91
159.23
218.08
338.30
193.75
202.59
140.21
170.95
207.08
103.63
163.58
223.23
142.63
269.81
140.09
185.52
199.02
176.50
206.98
347.71
173.35
163.10
164.19
214.43
205.34
285.58
157.77
128.41
164.48
193.92
144.58
193.58
181.47
306.55
132.23
176.03
413.93
251.63
148.46
147.10
205.75
275.09
149.37
218.04
181.63
106.63
165.46
224.33
235.53
158.59
173.07
300.08
195.16
147.16
118.39
159.54
149.16
197.16
167.35
173.11
227.23
439.86
167.92
115.80
134.96
168.76
216.57
157.76
106.13
177.71
187.95
226.16
134.43
242.50
273.76
227.54
348.51
273.96
155.51
175.83
215.04
235.91
163.56
263.46
122.92
249.35
156.72
182.76
155.87
137.82
195.41
176.52
235.36
126.96
306.25
179.20
116.50
121.16
346.05
271.15
292.45
117.27
200.38
158.17
189.26
150.48
208.28
228.51
163.15
163.77
179.57
206.38
230.71
223.32
132.80
158.11
245.79
127.26
213.01
153.11
191.58
155.01
127.85
213.95
123.63
110.35
157.48
227.71
452.09
436.80
212.45
148.51
366.01
184.76
271.73
251.81
241.85
297.35
262.94
160.51
146.50
156.55
142.72
230.13
288.55
143.67
158.34
122.33
138.32
283.64
334.82
141.46
174.66
305.62
210.04
212.78
233.45
240.58
186.62
203.48
213.38
255.01
181.70
434.90
158.83
179.67
214.00
134.47
285.28
211.30
290.07
178.04
186.36
543.26
349.56
271.32
258.42
244.10
210.20
167.54
161.94
221.73
149.41
176.51
219.02
164.49
131.24
127.95
172.69
172.93
239.64
304.13
234.27
226.06
244.33
250.15
233.03
163.91
219.62
143.87
250.92
157.90
297.16
213.51
212.27
188.22
209.94
136.73
139.09
227.18
175.78
228.50
183.27
143.66
158.13
300.63
169.26
198.95
107.89
138.90
186.14
178.88
150.42
212.90
179.52
245.09
332.20
201.49
265.16
272.27
152.25
116.54
227.81
176.37
171.76
152.41
149.00
118.71
148.80
219.78
138.41
154.58
156.02
587.64
160.46
215.83
139.34
155.15
127.25
157.53
232.51
130.75
222.48
117.37
204.83
211.84
169.06
203.09
291.80
238.73
139.75
214.32
288.24
243.51
349.94
310.64
191.18
142.71
361.65
173.91
204.26
163.49
150.36
217.81
201.28
152.19
188.70
227.35
209.04
283.08
265.01
202.25
125.37
159.13
189.51
342.22
185.36
164.71
230.50
209.98
472.47
282.27
185.15
304.87
507.79
208.06
156.20
187.11
174.76
111.08
146.34
163.07
240.19
240.00
198.39
158.15
265.04
125.54
282.92
126.64
233.90
361.80
191.36
299.63
193.67
172.94
177.33
179.93
228.53
231.69
157.43
498.16
132.06
172.59
171.24
142.08
201.99
436.29
274.12
214.13
128.46
119.37
300.66
167.50
204.95
204.63
211.69
256.02
134.52
134.84
263.76
223.34
155.43
217.39
415.36
185.05
322.76
195.52
357.30
176.74
134.56
112.97
369.69
293.07
296.64
160.34
241.37
130.48
198.83
253.05
119.55
212.76
283.61
235.37
326.03
349.46
267.55
126.74
197.75
225.23
175.77
145.24
142.20
112.33
254.09
153.11
204.05
141.59
139.01
195.80
198.24
187.31
239.81
151.29
461.56
240.23
155.97
197.62
171.70
157.39
102.67
230.74
155.58
209.05
182.75
168.99
131.84
147.18
222.75
220.32
208.83
426.26
149.03
169.50
239.38
218.27
218.69
197.89
143.73
284.37
501.11
141.20
319.73
186.45
231.54
403.24
223.75
204.78
165.64
165.27
237.41
116.75
155.76
270.03
170.91
212.58
122.65
172.06
165.56
272.29
129.16
162.70
185.52
170.98
210.32
429.13
212.40
176.71
185.70
133.22
143.68
215.40
323.95
221.06
115.37
257.65
166.44
194.70
128.07
194.67
172.70
117.12
195.51
124.15
143.77
207.51
321.44
151.68
410.90
255.33
260.82
202.40
155.32
180.14
119.18
200.39
430.90
250.94
171.20
356.41
226.35
242.04
188.45
182.04
205.28
217.23
133.76
222.84
182.29
233.99
203.69
101.52
142.82
143.71
318.20
133.19
241.96
301.52
204.34
226.04
292.15
164.34
296.59
282.09
278.23
278.45
248.19
421.66
220.14
122.08
473.22
121.79
281.45
157.32
226.20
205.83
169.04
195.19
242.30
260.95
234.87
149.20
194.63
124.13
236.61
125.86
151.91
167.02
172.92
139.12
176.37
281.09
298.75
437.66
126.78
170.32
494.17
131.60
201.70
121.20
228.20
304.57
297.41
100.71
117.50
297.97
224.90
171.26
385.66
250.54
157.26
153.09
183.00
165.51
147.81
121.59
366.88
174.42
257.63
172.03
202.38
352.65
128.52
184.05
133.19
245.48
179.86
158.94
221.18
220.97
129.83
408.50
110.55
202.35
182.36
136.66
225.41
170.18
338.02
254.58
175.54
308.99
159.28
182.08
216.52
299.68
405.13
171.05
171.61
233.67
145.03
177.92
217.28
169.01
124.92
170.40
145.86
226.36
419.85
229.15
176.81
146.98
228.12
170.50
177.21
317.90
196.73
181.78
215.77
222.22
150.99
111.05
238.78
191.39
256.82
191.27
254.53
207.28
152.61
290.10
216.49
301.42
151.73
115.46
131.14
299.33
234.30
239.09
130.53
212.73
290.29
175.27
129.53
131.56
323.87
243.99
242.96
180.62
171.23
183.89
155.35
174.04
176.30
275.41
146.74
273.59
218.71
117.84
190.36
425.65
215.66
203.67
210.70
163.36
335.53
114.68
156.36
148.47
123.31
254.62
356.78
222.15
305.87
308.61
196.94
270.08
251.61
206.52
154.26
186.02
149.71
191.74
285.59
132.93
171.39
224.67
191.71
129.17
167.17
290.45
227.50
235.61
215.89
178.69
213.37
134.16
157.39
219.62
132.64
237.89
212.86
256.18
128.48
457.84
340.84
370.29
173.66
172.62
130.19
116.75
285.91
299.07
205.93
323.96
255.91
184.98
496.35
154.71
175.28
453.29
284.44
161.15
244.69
231.37
293.13
145.19
305.95
231.81
174.93
163.46
203.98
145.34
161.88
238.44
188.04
114.07
305.96
292.39
290.93
196.84
221.65
333.55
192.32
285.15
216.26
116.70
125.83
365.85
216.18
198.51
162.31
370.20
187.49
159.91
152.03
195.73
350.68
219.92
149.42
117.70
305.52
445.61
145.65
223.57
225.72
161.62
185.66
140.57
208.71
191.43
110.40
263.91
351.34
216.60
309.87
272.84
259.01
132.61
241.60
170.11
228.45
150.94
178.02
193.72
346.72
189.48
298.36
202.09
174.35
136.99
168.58
229.52
125.74
109.06
252.36
207.23
284.41
198.03
265.34
168.75
294.68
242.30
133.87
166.06
120.23
172.57
352.31
169.69
216.89
119.80
160.08
268.07
297.52
141.01
131.35
156.29
267.54
458.91
175.00
137.11
284.85
185.73
431.11
213.16
132.46
253.59
176.55
490.34
122.15
192.18
167.90
202.23
188.38
228.02
136.58
109.00
189.46
163.81
292.16
124.55
169.96
160.83
334.10
198.60
152.42
186.67
168.10
228.02
187.48
182.70
302.95
201.33
408.98
230.76
135.25
143.44
181.72
234.02
235.06
154.79
168.05
145.11
115.86
185.46
205.60
192.25
170.84
186.50
184.11
114.81
275.49
291.81
159.81
142.65
229.34
188.48
259.24
150.07
211.94
144.75
182.50
359.00
241.77
179.05
168.58
146.77
169.92
160.59
339.49
258.95
140.69
133.91
372.25
466.29
360.18
181.57
181.35
138.59
199.82
209.59
177.60
253.26
223.43
142.67
138.90
166.82
216.94
170.37
121.43
233.87
311.11
124.05
201.94
189.06
262.69
177.06
480.42
264.59
144.17
400.78
168.17
170.11
282.11
286.06
237.11
173.62
285.96
157.07
331.03
439.65
194.92
446.97
265.05
300.28
175.50
128.24
168.59
186.76
289.14
272.92
173.35
472.74
220.17
233.84
215.27
548.22
180.92
162.67
131.00
175.14
286.70
150.75
346.26
208.40
220.72
124.72
131.78
145.49
158.63
136.80
186.96
222.01
200.09
152.45
664.39
158.00
285.29
307.91
216.70
180.26
111.68
504.22
203.48
152.85
169.79
194.38
219.40
119.67
133.64
154.31
239.73
320.51
178.82
287.53
245.78
264.07
325.70
182.11
152.39
231.91
225.26
129.39
194.08
295.63
302.32
177.02
212.40
227.35
162.09
224.03
170.45
227.62
282.50
346.39
156.68
129.59
429.35
297.08
198.38
140.74
185.35
154.18
186.24
147.12
222.23
201.11
117.16
193.79
363.73
142.67
210.19
114.82
152.92
380.34
133.20
180.76
264.56
200.05
190.47
113.02
254.58
238.96
258.53
118.35
339.46
136.07
128.89
214.88
147.57
164.42
315.44
177.82
160.51
365.65
199.92
163.51
187.54
182.14
287.91
148.32
230.23
250.02
201.81
348.95
228.74
171.47
220.44
122.71
217.24
147.55
146.77
196.36
380.70
105.87
174.16
119.94
296.82
171.51
267.92
221.62
173.47
253.70
204.91
353.19
264.18
177.82
268.58
144.54
165.31
190.63
212.27
238.26
215.46
433.25
185.79
236.90
335.32
252.18
328.05
187.93
269.04
515.43
243.38
125.24
181.31
239.77
157.34
152.31
249.24
108.14
289.36
226.82
167.07
223.49
188.72
138.13
140.35
111.17
152.55
117.57
225.56
188.02
221.83
307.81
171.66
161.78
177.31
218.57
177.59
113.48
350.74
239.22
195.11
124.44
189.56
106.16
139.52
197.79
204.24
339.85
126.18
222.87
156.03
290.72
128.33
120.22
181.83
168.95
136.20
161.55
158.19
349.34
174.29
206.58
181.40
272.18
303.29
162.94
213.87
122.76
396.57
180.73
227.71
120.88
122.57
194.32
228.97
297.22
153.02
182.07
134.15
238.95
154.64
159.22
283.15
114.03
170.70
124.41
225.13
233.70
240.27
468.33
263.63
261.05
139.40
193.39
127.62
133.93
181.44
322.96
184.12
230.48
309.65
152.81
282.61
503.49
210.13
304.96
149.95
165.58
306.79
232.56
200.10
168.69
329.93
208.34
124.80
165.77
312.25
164.09
369.24
123.81
201.53
186.53
228.87
217.44
223.05
154.17
184.88
217.13
224.50
195.19
244.53
223.48
149.89
350.40
177.03
167.93
202.03
212.37
372.28
184.32
233.38
332.27
350.92
204.89
186.72
163.76
350.28
221.05
255.46
167.64
122.99
127.37
192.47
231.30
158.29
172.93
295.47
375.34
184.53
129.75
117.81
224.54
221.85
166.91
130.13
335.54
344.09
183.70
148.04
168.63
227.65
156.23
165.66
160.78
286.51
169.34
287.10
130.78
162.56
303.56
247.96
343.95
226.90
139.65
312.42
361.34
252.65
347.62
251.95
143.59
269.22
200.75
183.32
162.78
190.07
145.78
284.55
249.53
173.64
306.18
292.93
167.74
141.16
326.46
232.99
270.84
143.60
319.96
166.09
222.01
172.46
260.74
233.22
194.13
168.93
283.78
233.08
159.37
192.73
137.74
193.83
294.49
161.32
159.58
193.17
249.09
180.84
205.76
162.46
135.27
171.31
286.97
392.52
470.61
340.64
210.11
156.94
423.24
138.31
194.69
256.81
222.97
436.63
390.59
174.90
196.63
260.60
208.79
282.59
453.90
189.81
165.57
189.47
179.31
373.64
293.10
187.64
226.93
306.22
150.56
255.30
266.59
271.24
290.51
397.06
170.73
327.37
246.74
357.58
149.64
183.19
215.37
166.15
187.95
247.41
388.20
144.70
209.46
433.13
322.80
408.44
349.49
206.92
223.22
269.76
203.39
180.61
144.38
270.10
243.47
224.02
157.24
164.91
267.99
186.69
301.56
420.10
178.76
166.28
218.86
217.04
352.16
182.96
189.72
289.33
285.38
293.18
494.01
210.06
231.02
183.98
206.69
158.10
226.75
224.05
220.53
230.54
288.63
178.81
156.69
263.57
167.59
206.11
119.59
122.58
169.67
262.06
179.03
174.88
288.14
261.48
459.00
200.55
363.37
397.59
146.91
150.95
378.41
184.53
192.43
154.87
189.18
131.30
136.58
185.79
130.90
236.03
181.34
624.35
145.20
336.69
169.84
154.44
172.71
134.72
283.39
162.77
436.90
127.17
197.69
213.55
250.00
162.89
273.96
190.81
146.93
151.52
353.63
299.06
378.19
301.81
298.57
231.82
360.17
140.54
276.73
191.23
199.55
209.25
207.54
123.04
203.74
177.93
192.56
349.09
373.68
145.81
133.10
180.05
194.69
407.61
181.55
323.95
279.76
359.01
569.82
300.55
250.20
317.34
323.05
320.61
178.28
230.43
220.85
119.91
138.60
165.26
348.49
294.10
268.68
228.06
199.43
168.12
371.56
143.02
154.29
334.23
253.56
337.09
306.85
219.47
128.31
258.77
216.73
176.35
313.28
310.04
129.19
173.89
234.59
182.59
245.45
442.38
319.92
210.27
168.86
165.64
257.87
286.51
358.72
184.97
294.99
388.71
150.34
168.30
360.83
299.07
211.70
171.50
504.22
203.61
326.32
178.78
223.08
216.34
152.74
135.31
265.29
300.27
312.84
141.70
293.01
165.49
169.21
205.55
168.89
254.02
301.71
306.49
362.31
472.85
396.59
161.84
224.56
232.51
264.88
176.34
156.36
166.33
218.82
170.61
143.50
196.81
161.30
207.34
445.82
166.44
245.58
158.33
477.70
353.16
185.40
167.00
332.50
192.11
120.77
315.18
147.78
377.85
208.75
307.16
244.69
147.32
344.77
156.78
347.57
286.26
312.17
156.38
315.05
216.14
224.58
243.89
198.05
312.74
333.10
145.23
391.80
140.86
199.56
418.40
314.19
181.13
251.71
178.28
220.31
116.93
196.49
358.88
181.03
390.81
164.11
189.70
209.19
210.23
164.40
194.72
197.05
227.03
295.24
396.17
232.53
238.80
194.38
162.72
212.68
193.79
364.32
239.65
126.40
336.29
221.31
223.22
163.35
316.06
209.49
216.36
244.33
167.04
185.08
173.96
248.90
291.31
341.58
232.41
309.46
163.71
160.63
158.44
151.97
192.24
362.63
397.04
251.12
213.50
387.42
360.56
277.02
185.77
370.22
190.49
150.03
197.54
210.26
388.50
305.74
133.48
175.84
298.52
394.23
161.86
204.06
264.97
246.66
284.88
417.87
177.69
421.33
215.81
355.10
226.47
321.24
441.83
186.00
144.31
450.30
160.61
221.84
237.45
224.21
209.37
161.89
378.99
217.58
215.61
374.36
178.47
239.45
137.63
212.23
149.36
197.65
181.28
148.34
217.14
312.75
199.17
276.43
529.33
149.18
253.27
403.50
321.90
288.68
203.72
392.82
400.75
223.46
120.03
150.11
329.15
341.86
162.33
361.59
151.94
312.11
145.91
146.00
200.01
151.76
165.75
413.84
162.44
393.55
157.87
212.86
333.58
150.34
144.15
161.69
381.57
249.03
301.75
220.09
171.45
138.16
429.75
120.11
211.72
147.40
205.39
205.50
315.39
278.88
390.56
277.94
245.31
183.54
168.39
194.34
180.27
451.62
218.38
298.33
256.27
168.03
127.96
162.26
217.11
172.71
359.26
220.17
241.93
435.07
309.60
175.86
194.72
190.25
307.41
205.23
271.12
174.18
125.10
209.66
232.73
176.93
116.28
166.39
294.69
296.41
227.22
188.48
288.33
149.19
212.48
265.31
255.91
186.85
153.97
137.75
392.52
324.89
198.19
134.53
157.31
277.60
280.53
225.20
163.40
376.10
235.37
249.72
163.33
184.15
225.14
156.38
236.07
199.81
303.68
170.15
323.12
246.59
169.59
345.66
371.08
239.98
158.88
225.58
260.65
290.71
186.90
156.56
159.38
181.76
392.00
493.47
316.50
275.56
321.79
250.16
241.03
247.17
217.84
173.34
293.02
191.12
146.49
191.17
168.75
202.57
203.10
293.49
200.98
234.20
265.34
237.72
160.16
155.30
174.16
325.98
194.51
219.27
235.00
333.56
317.15
200.81
408.10
156.98
449.02
335.41
274.46
166.32
238.99
122.47
143.31
250.42
295.49
152.91
272.86
297.74
298.72
382.58
241.87
284.00
524.56
354.24
176.14
324.12
353.49
370.34
181.11
235.34
411.38
293.00
291.18
350.15
187.60
185.72
238.20
283.94
129.53
190.72
308.74
337.73
232.60
321.45
315.96
326.43
410.47
323.56
135.94
150.64
472.31
185.42
306.07
168.09
377.93
373.66
135.49
207.58
177.30
220.29
226.22
298.79
168.22
311.58
319.73
182.71
281.25
277.18
149.83
306.05
173.45
205.75
165.18
122.31
298.77
256.68
290.62
281.33
342.24
436.90
284.32
339.32
213.14
317.09
216.18
203.49
143.26
339.95
131.79
390.18
356.66
181.13
136.22
132.98
263.90
136.15
112.29
220.39
320.22
377.47
208.99
295.51
229.97
371.73
312.74
148.87
180.94
131.01
226.19
359.10
246.63
276.43
191.39
181.74
346.73
237.19
166.13
167.11
189.92
275.31
552.05
224.80
153.68
280.38
175.95
483.15
184.47
143.09
192.26
234.84
535.00
217.66
181.22
185.15
174.99
309.92
150.04
193.56
131.78
302.27
156.09
287.40
131.15
225.00
230.82
452.20
295.02
157.26
203.48
246.94
189.64
291.05
323.50
324.84
171.57
420.65
322.81
157.05
193.02
198.97
384.71
198.69
155.92
182.68
169.43
178.24
296.84
320.39
212.25
195.36
270.41
293.83
136.00
208.89
309.99
329.95
186.61
241.23
205.78
364.91
215.98
183.38
199.19
167.66
441.01
156.67
158.57
259.69
201.18
191.97
142.31
320.75
212.34
135.85
116.09
357.36
486.06
317.42
319.37
275.10
279.59
371.13
250.59
187.42
212.31
252.17
293.53
131.38
122.68
209.52
325.59
189.66
323.14
304.50
191.40
185.60
217.85
211.39
249.02
528.36
261.81
152.12
441.80
185.01
155.99
177.49
243.44
364.41
180.27
364.97
179.19
253.75
355.38
279.78
544.69
298.66
297.22
190.74
148.67
257.83
311.92
232.05
244.79
204.66
351.06
216.21
209.31
297.50
432.23
136.89
196.79
151.13
164.09
290.04
183.14
469.86
204.17
268.69
139.14
128.41
219.20
190.79
276.80
210.36
215.63
168.85
155.59
467.87
148.29
271.09
255.59
190.77
326.06
138.86
322.83
327.55
210.80
193.62
189.79
184.63
181.24
167.03
160.81
191.64
302.32
151.95
406.84
227.87
224.79
308.35
331.28
185.65
337.66
323.39
173.83
299.57
265.24
281.28
158.84
185.89
239.92
202.28
349.53
208.80
172.28
264.89
335.59
213.13
132.06
321.83
427.13
287.46
174.63
128.45
180.49
146.53
172.86
360.75
165.58
146.65
208.74
276.71
133.12
239.00
127.04
206.08
451.55
157.00
237.32
194.95
181.40
295.81
129.42
458.69
318.60
453.28
140.47
251.02
170.96
206.19
204.64
182.47
180.35
512.07
221.37
174.74
392.08
227.09
250.44
141.06
191.26
337.47
161.80
232.63
287.49
323.70
454.46
208.53
210.33
398.04
133.36
243.40
169.01
178.95
162.17
457.63
117.55
193.18
147.16
258.33
183.36
190.59
320.15
209.23
342.52
210.51
289.45
405.21
214.82
229.47
171.90
252.69
154.85
216.25
215.05
334.07
263.23
251.35
272.99
374.49
351.35
474.59
265.05
311.25
352.75
224.10
146.19
179.31
240.72
204.28
132.45
297.56
118.61
289.54
325.46
196.64
197.94
191.11
223.26
165.37
147.72
125.97
154.46
263.29
162.15
217.49
219.57
182.75
283.25
170.47
238.12
158.56
160.99
530.19
283.49
113.18
150.54
307.26
116.04
158.60
150.29
196.39
313.01
189.26
234.80
212.16
198.62
125.74
142.08
302.62
166.92
144.58
177.34
181.24
496.16
177.83
153.85
168.21
476.75
404.09
174.32
273.82
228.72
439.84
178.26
322.91
294.88
150.02
198.48
318.19
413.05
180.86
292.82
206.26
221.27
331.56
197.54
223.10
141.53
305.41
162.92
301.45
175.43
209.66
404.09
319.84
206.10
128.38
213.50
153.17
139.39
129.29
237.34
126.53
175.41
241.88
121.29
232.64
202.64
141.94
142.48
130.48
137.65
203.92
180.91
141.98
123.98
157.39
172.24
139.16
122.55
120.97
244.14
113.82
160.75
200.37
111.08
137.28
140.36
170.15
185.63
203.29
136.95
121.14
128.16
133.85
168.57
161.88
149.89
106.32
129.17
195.88
124.14
138.33
131.64
141.96
210.37
123.61
141.17
220.66
187.97
143.26
115.24
138.97
197.33
161.63
213.04
134.98
103.32
117.21
164.28
140.68
120.82
129.57
165.32
154.76
132.59
116.29
112.92
140.41
142.79
139.21
131.44
120.44
159.30
244.22
122.19
151.57
112.83
124.13
152.54
143.10
123.94
108.61
134.66
127.43
168.12
120.65
141.92
172.56
119.79
205.27
169.23
133.01
106.43
156.83
163.71
182.59
142.44
174.37
124.32
199.13
128.92
122.43
118.81
128.74
135.57
132.93
148.52
133.92
164.18
134.38
123.59
118.12
191.57
139.10
191.11
115.87
147.46
127.57
153.68
137.75
143.61
141.63
145.46
119.82
126.43
151.96
147.20
177.93
119.18
152.56
153.49
124.34
144.58
140.67
150.79
131.66
127.84
127.95
136.40
124.60
123.85
180.33
152.98
320.20
243.63
130.60
123.52
259.82
137.72
153.53
204.42
179.67
205.63
187.73
139.28
142.13
162.27
163.89
222.32
189.16
137.99
129.16
136.83
109.41
269.04
181.35
139.92
126.34
173.38
138.42
159.46
178.54
208.71
189.02
193.00
139.67
191.09
129.68
259.71
116.51
125.21
135.40
114.26
209.97
164.73
232.33
116.41
196.00
250.57
248.83
214.31
153.74
259.83
136.17
148.61
163.62
145.69
139.67
136.78
130.38
141.76
164.96
162.66
119.94
126.58
127.64
134.82
232.33
280.59
132.61
146.74
159.95
156.06
168.82
125.59
141.07
139.43
209.22
130.04
164.62
261.53
142.25
155.78
156.59
136.43
137.41
169.66
121.08
153.18
167.03
150.38
139.05
121.07
116.36
180.08
132.68
124.60
103.85
100.97
185.26
135.19
132.10
190.65
129.97
178.12
276.49
147.63
172.62
197.28
119.57
108.54
177.94
126.54
112.90
103.52
147.09
115.55
107.01
167.31
116.73
151.82
152.48
261.87
131.89
151.05
133.07
108.64
135.38
119.68
203.91
111.97
189.45
133.04
122.76
175.14
177.45
116.08
190.57
142.52
110.09
140.98
170.53
175.51
207.29
171.36
150.51
178.22
154.30
245.19
131.78
143.86
149.00
126.49
146.49
158.04
110.70
126.07
131.11
134.42
243.82
177.51
134.92
130.47
122.47
166.97
195.31
135.47
198.36
217.02
174.81
305.22
192.29
178.74
166.21
284.08
147.14
130.36
149.32
158.13
128.74
119.18
130.52
189.55
149.14
238.60
170.83
129.49
155.70
119.54
256.91
109.62
138.40
151.99
252.33
111.36
249.07
152.19
147.72
119.73
171.35
162.71
140.13
150.08
148.33
265.35
110.45
119.36
146.27
137.15
188.14
287.42
183.30
153.20
115.42
119.83
200.86
148.63
175.44
173.87
143.64
200.50
118.89
129.04
151.72
171.79
122.40
134.17
286.27
122.72
174.90
131.77
200.02
159.03
124.05
111.96
193.61
236.79
166.71
121.45
238.19
131.84
155.02
147.15
135.73
161.08
176.98
147.14
172.98
214.37
226.85
127.87
126.17
148.03
173.05
202.41
140.96
132.18
103.83
150.80
122.36
136.33
119.81
127.43
176.20
155.08
130.55
123.25
103.67
322.05
171.43
153.24
151.08
133.65
148.14
111.10
249.46
125.89
167.50
154.63
179.20
144.09
135.50
163.77
151.72
137.74
247.32
177.33
122.94
225.32
137.80
153.31
153.36
123.34
167.13
259.86
123.91
181.94
133.20
137.92
291.81
154.32
149.09
137.00
120.20
171.39
105.09
131.18
264.90
150.53
210.03
118.45
146.50
119.36
159.30
116.44
140.79
143.09
162.50
236.85
165.57
149.86
158.57
143.84
132.22
139.08
152.74
131.35
214.73
194.71
122.59
192.23
151.21
143.09
140.46
144.35
121.07
138.96
119.18
106.25
134.22
131.16
166.85
145.91
252.46
146.39
239.47
148.93
132.52
222.76
146.72
123.66
118.52
238.51
222.97
117.68
208.18
177.58
188.49
148.58
139.50
148.67
150.95
122.57
162.14
158.41
205.84
146.14
101.73
109.23
125.56
144.96
232.96
133.22
140.32
187.51
172.72
210.85
251.16
141.85
180.58
136.44
244.38
166.12
150.14
284.29
141.74
109.72
280.67
127.06
189.11
136.82
251.49
155.45
140.43
137.39
154.09
173.56
162.95
139.74
132.48
123.57
164.07
109.07
147.33
110.06
140.30
140.96
169.82
138.27
164.07
297.47
134.82
174.35
240.50
142.07
236.95
139.09
149.47
188.99
173.08
114.30
112.49
175.50
163.64
122.95
238.97
147.68
141.22
156.10
119.07
127.33
167.34
141.23
118.34
164.22
116.69
235.32
130.30
128.98
232.96
113.73
135.76
132.22
167.25
185.97
147.74
185.79
141.06
120.68
217.59
114.74
174.63
115.95
115.02
256.93
141.53
225.84
165.58
155.18
174.32
153.09
136.90
185.91
163.02
282.32
187.01
148.21
185.56
137.63
132.03
118.75
150.40
144.54
134.46
211.56
131.45
144.93
269.85
180.36
133.20
134.81
181.06
147.95
127.96
213.89
126.55
115.21
180.01
147.93
142.11
132.47
105.90
149.77
133.79
237.14
181.66
172.12
140.36
111.60
188.59
146.27
188.22
205.02
135.77
127.98
116.91
182.33
144.60
314.18
147.29
121.03
131.27
281.69
134.22
162.06
118.68
181.00
184.78
140.78
122.42
131.11
165.56
120.64
147.71
131.89
173.85
121.67
129.90
173.52
149.95
118.68
175.00
253.46
123.73
177.90
119.69
157.49
228.62
177.13
170.59
127.40
131.10
116.90
124.35
122.97
186.98
220.78
192.46
167.06
197.56
164.11
145.27
166.70
149.48
126.36
130.86
127.97
115.41
153.20
126.43
124.53
119.33
156.58
146.06
121.85
159.99
184.11
137.65
165.84
141.82
139.07
131.06
161.06
143.79
169.65
180.72
147.18
185.38
156.23
142.94
257.87
128.60
290.92
215.57
248.64
111.34
160.38
101.69
112.59
165.38
288.01
125.97
135.41
200.69
137.67
178.38
156.94
266.96
154.32
181.55
300.42
239.17
141.86
196.93
145.64
256.32
121.74
136.34
191.61
166.31
123.62
172.91
145.07
154.48
155.60
138.04
182.15
173.96
180.53
116.03
132.23
160.85
250.16
173.60
163.55
193.02
173.57
247.66
144.22
127.12
125.30
106.91
285.00
143.59
171.65
119.60
157.16
143.19
106.02
135.48
141.86
167.73
161.13
141.90
127.49
220.32
247.57
126.07
151.80
148.50
121.82
160.24
112.84
169.51
125.27
97.95
177.49
237.49
129.76
160.92
240.71
237.28
153.03
176.17
144.01
192.56
112.83
129.63
122.57
121.68
211.22
137.21
184.01
127.79
129.74
161.12
107.31
122.36
212.42
122.54
104.81
179.86
147.25
183.88
166.13
147.49
168.81
210.46
197.17
128.20
150.32
125.74
161.71
239.84
145.21
203.52
125.53
138.26
145.02
218.13
142.06
129.12
120.90
108.64
169.09
283.45
123.27
121.82
165.65
176.76
294.84
134.59
119.09
148.57
150.82
314.92
110.46
144.21
138.78
133.70
139.38
131.16
128.56
120.38
126.16
121.10
192.56
119.17
160.70
157.55
217.90
231.87
151.82
130.16
122.46
145.66
158.60
135.70
138.65
200.54
132.47
136.27
277.47
161.88
103.93
107.66
187.37
194.44
139.77
135.19
123.31
113.07
122.48
178.68
144.60
183.94
168.72
143.41
128.12
147.91
119.59
147.45
217.46
183.72
108.49
184.86
165.35
249.18
136.56
148.10
112.97
145.18
230.95
142.87
123.93
141.75
122.34
126.48
114.81
175.25
183.61
150.33
128.39
118.35
99.88
272.38
308.46
307.92
172.48
142.47
145.14
166.65
176.99
132.39
141.02
144.46
138.66
140.63
135.71
113.16
129.64
168.10
116.74
156.27
182.07
133.10
142.85
141.38
142.60
132.93
234.38
156.94
129.69
196.96
179.35
131.61
137.06
195.66
190.77
141.54
198.65
118.40
209.78
244.51
135.98
320.47
245.92
207.20
126.09
129.46
126.56
138.18
150.09
172.02
130.73
182.97
155.06
142.42
157.68
147.65
251.09
238.70
120.02
153.77
123.62
114.46
162.84
120.22
196.01
150.28
171.07
128.89
121.84
132.86
149.36
152.21
144.60
154.22
132.30
128.59
300.51
121.16
165.36
141.78
164.94
171.83
186.28
112.55
297.01
159.08
114.46
107.67
148.79
185.91
128.18
129.12
139.71
148.30
186.54
135.40
174.70
148.09
202.95
179.65
162.13
137.97
121.28
148.70
154.24
132.00
148.12
189.10
167.32
125.09
140.37
164.89
142.28
184.97
132.42
153.88
164.22
173.09
149.46
114.19
226.96
200.95
138.94
148.05
127.83
134.95
139.29
127.95
175.68
138.78
117.83
131.35
182.01
110.10
184.30
112.03
166.80
210.42
113.22
155.47
159.31
150.15
144.42
113.89
171.46
233.58
164.71
108.51
199.39
105.98
127.28
155.63
133.69
153.00
187.53
142.08
175.56
242.46
138.06
116.29
132.42
144.00
182.88
125.21
152.30
178.70
143.90
216.73
187.59
121.08
147.00
124.60
175.77
129.77
138.04
177.01
266.01
100.72
135.53
126.41
142.68
159.79
129.97
136.71
170.04
132.28
188.23
134.87
196.32
208.76
134.81
189.61
132.01
132.20
130.75
128.28
169.19
152.07
233.96
156.57
270.42
225.13
233.87
228.73
156.42
202.91
277.52
170.18
122.46
133.49
160.26
137.45
162.50
126.27
180.88
168.42
105.09
167.73
249.97
128.31
167.58
128.51
121.24
128.96
118.94
123.09
119.28
104.08
150.90
136.44
152.59
202.59
177.53
179.18
124.30
152.12
162.91
109.46
101.90
228.20
183.60
125.47
134.27
148.92
102.66
128.43
132.29
150.92
179.33
191.19
131.00
183.91
154.53
189.04
125.05
107.22
156.55
139.68
132.05
116.46
118.92
248.91
114.92
140.13
133.49
258.83
201.74
141.43
165.88
147.71
322.24
132.34
141.45
147.72
123.45
154.47
149.02
220.60
126.91
133.74
131.28
153.34
189.88
140.33
153.72
123.34
144.54
129.56
153.92
146.70
141.12
256.56
244.32
156.87
132.82
149.21
114.58
116.97
